1343755665000
1346424476000
1346424479000
1346424486000
1346424490000
1346424493000
1346424500000
1346424500000
1346424500000
1346424508000
1346849875000
1346876232000
1346967063000
1347052594000
1347290253000
1347293157000
1348238933000
1350591761000
1351285655000
1352846067000
1352846138000
1352846148000
1354285355000
1354569236000
1354569238000
1354569239000
1354569307000
1355268962000
1355429311000
1355429363000
1355429392000
1355429411000
1357746245000
1357747427000
1357747525000
1357747545000
1357944261000
1358797172000
1358958215000
1358958259000
1358958269000
1359387638000
1359387704000
1359387727000
1359387734000
1360597353000
1360943802000
1360943807000
1360945162000
1360945785000
1360945796000
1360946797000
1361305771000
1363015140000
1363015151000
1363015167000
1363015191000
1363015226000
1363279836000
1363279931000
1363279982000
1364581566000
1364843996000
1364844016000
1365173618000
1365691807000
1365700630000
1367271586000
1368114115000
1368738310000
1373483637000
1373483677000
1373483677000
1373483678000
1373647498000
1374689670000
1375884581000
1376934855000
1376934886000
1376934903000
1376934924000
1376934973000
1376935019000
1382114068000
1386625607000
1391120078000
1392083358000
1392231447000
1393383203000
1393383383000
1393383440000
1393383549000
1393383637000
1393539470000
1393540976000
1393954769000
1394059943000
1395163471000
1396410742000
1397230874000
1399498026000
1401918726000
1402394683000
1402394697000
1403207188000
1403211856000
1403212874000
1403213479000
1403216010000
1403216261000
1403289617000
1403298383000
1403636530000
1403636541000
1403636554000
1403636563000
1406670151000
1406841916000
1409326841000
1410436317000
1412778785000
1412783494000
1413482931000
1413946867000
1416431635000
1419361392000
1421159453000
1424985905000
1427922831000
1429051144000
1429051144000
1429051144000
1429051144000
1429051144000
1429052518000
1429052518000
1429052518000
1429052518000
1429052518000
1429052519000
1429052519000
1429052519000
1429052519000
1429052519000
1429108310000
1431456720000
1432672876000
1434491403000
1434491753000
1434556309000
1434653928000
1437398855000
1437508545000
1438697769000
1439321682000
1439321687000
1440612666000
1440613349000
1440613451000
1440613479000
1441135982000
1441136051000
1442510528000
1442934006000
1443035189000
1443038864000
1443044563000
1443044563000
1443720189000
1443720211000
1443733635000
1443815371000
1444068369000
1444069298000
1444335500000
1444410673000
1444763482000
1444945832000
1446587318000
1447720762000
1447941359000
1449159109000
1449166736000
1449608916000
1449610578000
1449612835000
1449771548000
1449773114000
1450388715000
1450388726000
1450388759000
1450392318000
1450726601000
1450744941000
1450800977000
1450801031000
1453258682000
1453258696000
1453258752000
1453258768000
1453258815000
1453258830000
1453258935000
1453258953000
1453259027000
1453259040000
1453259054000
1453259065000
1453259073000
1453259086000
1453259327000
1453259550000
1453332162000
1454512812000
1456332422000
1456332452000
1456332577000
1456332594000
1456332605000
1456332623000
1456332723000
1456332734000
1456332785000
1456332810000
1457017186000
1458151222000
1458610864000
1458611196000
1458611266000
1458611294000
1459354029000
1459355093000
1459780934000
1460398347000
1460398371000
1460398382000
1460398583000
1460499755000
1460499812000
1460499831000
1460575584000
1468353845000
1471466558000
1484859662000
1490022890000
1490731410000
1490732240000
1490741473000
1490741510000
1490898040000
1490978921000
1490978979000
1491235782000
1491239377000
1491239416000
1491239437000
1491239449000
1491255381000
1491256757000
1491256822000
1491257597000
1491258292000
1491258292000
1491405886000
1491510114000
1491594337000
1493668567000
1493928850000
1494611323000
1495129903000
1495245982000
1495729748000
1496160050000
1496266352000
1497305221000
1497376058000
1497598749000
1497598815000
1497625953000
1497646294000
1497646375000
1497646391000
1497646416000
1497647394000
1497895773000
1498065509000
1498166745000
1498582019000
1498769294000
1499196924000
1499358873000
1499695221000
1499723951000
1499723952000
1500410437000
1501164534000
1501167040000
1501175168000
1501175180000
1501532980000
1501601784000
1501694714000
1501775998000
1502224822000
1502224822000
1502399226000
1502457859000
1502458094000
1502458238000
1502718564000
1503349208000
1503953315000
1504046031000
1504046048000
1504046298000
1504046336000
1504046394000
1504050404000
1505161288000
1505161288000
1505232082000
1505487331000
1506092261000
1506351697000
1506366013000
1506376177000
1507038712000
1507056160000
1507582910000
1507645975000
1507750762000
1507820284000
1507820294000
1507820359000
1507820376000
1507820711000
1507820785000
1507820802000
1507820805000
1507820823000
1507820835000
1507820847000
1507820878000
1507820917000
1507820926000
1507821076000
1507821082000
1507821861000
1507821884000
1507821905000
1507821937000
1507827563000
1508255185000
1508259711000
1508426225000
1508532874000
1508867383000
1508873532000
1509115467000
1509115494000
1509370969000
1509471231000
1509561052000
1509561053000
1509561053000
1509722040000
1510159542000
1510159542000
1510159542000
1510159542000
1510173395000
1510250463000
1510252700000
1510348228000
1510586187000
1510587445000
1510590097000
1510590169000
1510590194000
1510606543000
1510773975000
1510773975000
1510786382000
1510857933000
1510858437000
1510859778000
1510932510000
1510932546000
1510941341000
1511189721000
1511216039000
1511794786000
1511812686000
1511894847000
1511907061000
1511974865000
1512053126000
1513022967000
1513023015000
1513294130000
1513313072000
1513613269000
1513615104000
1513615158000
1513615509000
1513615532000
1515445209000
1515445213000
1515445218000
1515445223000
1515445227000
1515593547000
1515593566000
1515593714000
1515593885000
1515593921000
1515593948000
1515594010000
1515594028000
1515594334000
1515594365000
1515594380000
1515594408000
1515594450000
1515594474000
1515594493000
1515594528000
1515594552000
1515594578000
1515594593000
1515594637000
1515594671000
1515594682000
1515594701000
1515594720000
1515594728000
1515594740000
1515594766000
1515594794000
1515594806000
1515594870000
1515594880000
1515594889000
1515594899000
1515594913000
1515594921000
1515594931000
1515594935000
1515594940000
1515594947000
1515594955000
1515594961000
1515594963000
1515595008000
1515595025000
1515595032000
1515595039000
1515595052000
1515595054000
1515595068000
1515595075000
1515595081000
1515595084000
1515595088000
1515595092000
1515595093000
1515595101000
1515595111000
1515595124000
1515595127000
1515595129000
1515595132000
1515595136000
1515595149000
1515595183000
1515595217000
1515595231000
1515595236000
1515595239000
1515595271000
1515595274000
1515595353000
1515595356000
1515595357000
1515595362000
1515595417000
1515595426000
1515595488000
1515595491000
1515595546000
1515595570000
1515595615000
1515595658000
1515595696000
1515595717000
1515595728000
1515595929000
1515598106000
1516124398000
1516124439000
1516396089000
1516396151000
1516396175000
1517269173000
1517439327000
1517439328000
1517889117000
1518137508000
1519170335000
1295545398000
1297104689000
1297104705000
1297105030000
1297105041000
1297191283000
1309541802000
1310396925000
1310410277000
1310410285000
1312409839000
1312409852000
1313158349000
1313172660000
1314655483000
1315326071000
1316123524000
1316123529000
1316191965000
1316191986000
1316191997000
1317326583000
1317326625000
1317817578000
1317817600000
1317817607000
1317817621000
1317830499000
1318350536000
1318607915000
1318607926000
1318623727000
1318859236000
1319473132000
1319485672000
1323210284000
1323705677000
1324329722000
1324329734000
1324581647000
1324586810000
1324586955000
1325186324000
1325186876000
1325869866000
1326140412000
1326140419000
1326143552000
1326381413000
1326407169000
1326407200000
1326407349000
1326407426000
1326407783000
1326408160000
1326468052000
1326490551000
1326747493000
1326747504000
1326749167000
1326761207000
1326761223000
1326761230000
1326761244000
1326761287000
1326761295000
1326761309000
1326761326000
1326761337000
1326761350000
1326761363000
1326761376000
1326761407000
1326761496000
1326761512000
1326761528000
1326761539000
1326827897000
1326907209000
1327003989000
1327436392000
1327436921000
1327436992000
1327437005000
1327508910000
1327607619000
1327683813000
1327692704000
1327696678000
1328290929000
1328627397000
1328907182000
1329254338000
1329348232000
1329831340000
1329860874000
1330115046000
1330118656000
1330120490000
1330120506000
1330362137000
1330375241000
1330378416000
1330444503000
1330446538000
1330455049000
1330460539000
1330468017000
1330627805000
1330634964000
1330635234000
1330636493000
1330637386000
1330641132000
1331056676000
1331056694000
1331072427000
1331134223000
1331138920000
1331157649000
1331232602000
1331311589000
1331317018000
1331590560000
1331644631000
1331751580000
1331910264000
1331927859000
1331934517000
1332180766000
1332358410000
1332363168000
1332366046000
1332366081000
1332366108000
1332366196000
1332440348000
1332450005000
1332527466000
1332531801000
1332531815000
1332696375000
1332774534000
1332788988000
1332789015000
1333391314000
1333394395000
1333394451000
1333394468000
1333399545000
1333460808000
1333472692000
1333484539000
1333558016000
1333651055000
1333651833000
1333659718000
1333661276000
1333986159000
1334001514000
1334071642000
1334161219000
1334165366000
1334167338000
1334169138000
1334174519000
1334255584000
1334264280000
1334325345000
1334325611000
1334328532000
1334328715000
1334332577000
1334337337000
1334337642000
1334348959000
1334349379000
1334581621000
1334604296000
1334606032000
1334607934000
1334614687000
1334676011000
1334776856000
1334779041000
1334779128000
1334779150000
1334865104000
1335191054000
1335202476000
1335208053000
1335211621000
1335213643000
1335213683000
1335301952000
1335447727000
1335448767000
1335550952000
1335550984000
1335553220000
1335793670000
1335793768000
1335817870000
1335882124000
1335885524000
1335885615000
1335886227000
1335893638000
1335905127000
1335974983000
1335975419000
1335982997000
1335985888000
1336055675000
1336166852000
1336166852000
1336166852000
1336166853000
1336166853000
1336166853000
1336167185000
1336167185000
1336167185000
1336167185000
1336167185000
1336167185000
1336167185000
1336167186000
1336167186000
1336167186000
1336167186000
1336167186000
1336167186000
1336167186000
1336167186000
1336167187000
1336167187000
1336167187000
1336167187000
1336167187000
1336167187000
1336167187000
1336167187000
1336167187000
1336167187000
1336167188000
1336167188000
1336167188000
1336167188000
1336167188000
1336167188000
1336167188000
1336167188000
1336167188000
1336167265000
1336167265000
1336167265000
1336167265000
1336167265000
1336167265000
1336167265000
1336167265000
1336167265000
1336167265000
1336167265000
1336167266000
1336167266000
1336167266000
1336167266000
1336167266000
1336167266000
1336167266000
1336167266000
1336167267000
1336167267000
1336167267000
1336167267000
1336167267000
1336167267000
1336167267000
1336167267000
1336167267000
1336167268000
1336167268000
1336167268000
1336167268000
1336167268000
1336167268000
1336167268000
1336167268000
1336167268000
1336167269000
1336167269000
1336167269000
1336167269000
1336167269000
1336167645000
1336167645000
1336167646000
1336168372000
1336168372000
1336168372000
1336168372000
1336168373000
1336168373000
1336168373000
1336168373000
1336168373000
1336168373000
1336168373000
1336168373000
1336168373000
1336168374000
1336168374000
1336168374000
1336168374000
1336168374000
1336168374000
1336168374000
1336168374000
1336168375000
1336168375000
1336168375000
1336168375000
1336168375000
1336168375000
1336168375000
1336168375000
1336168376000
1336168376000
1336168376000
1336168376000
1336168376000
1336168376000
1336168376000
1336168376000
1336168377000
1336168377000
1336168377000
1336168377000
1336168377000
1336168377000
1336168377000
1336168377000
1336168377000
1336168377000
1336168378000
1336168378000
1336168378000
1336168378000
1336168378000
1336168378000
1336168378000
1336168379000
1336168379000
1336168379000
1336168379000
1336168379000
1336168379000
1336168379000
1336168379000
1336168994000
1336168994000
1336168994000
1336168995000
1336169165000
1336397272000
1336397299000
1336397330000
1336397343000
1336400276000
1336405760000
1336405760000
1336405760000
1336405760000
1336405760000
1336405760000
1336405761000
1336405761000
1336405761000
1336405761000
1336405761000
1336405761000
1336405761000
1336405761000
1336405761000
1336405761000
1336405761000
1336405761000
1336405761000
1336405762000
1336405762000
1336405762000
1336405762000
1336405762000
1336405762000
1336405762000
1336405762000
1336405762000
1336405762000
1336405762000
1336405762000
1336405762000
1336405763000
1336405763000
1336405763000
1336405763000
1336405763000
1336405763000
1336405763000
1336405763000
1336405763000
1336405763000
1336405763000
1336405763000
1336405763000
1336405764000
1336405764000
1336405764000
1336405764000
1336405764000
1336405764000
1336405764000
1336405764000
1336405764000
1336405764000
1336405764000
1336405764000
1336405765000
1336405765000
1336405765000
1336405765000
1336405765000
1336405765000
1336405765000
1336405765000
1336405765000
1336405765000
1336405765000
1336405765000
1336405766000
1336405766000
1336405766000
1336405766000
1336591879000
1336591900000
1336591912000
1336591990000
1336592056000
1336592079000
1336596685000
1336672952000
1336673358000
1336683960000
1337009106000
1337104625000
1337105659000
1337106009000
1337115038000
1337175946000
1337175997000
1337271238000
1337271289000
1337355212000
1337361911000
1337364308000
1337364373000
1337609598000
1337614192000
1337623723000
1337631653000
1337700686000
1337781451000
1337785281000
1337794497000
1337794876000
1337794890000
1337794898000
1337797243000
1337797260000
1337797267000
1337797277000
1337797324000
1337797333000
1337797474000
1337804658000
1337875866000
1337877742000
1337882278000
1337885665000
1337891014000
