1511894521000
1428003020000
1481030356000
1519417830000
1426508443000
1439483278000
1476371560000
1361562459000
1519669658000
1418061069000
1452682553000
1513183399000
1447095126000
1512402539000
1469714045000
1445616762000
1500256143000
1373905843000
1397491123000
1413986180000
1519923126000
1511786850000
1407166395000
1516824961000
1462208507000
1514923394000
1515617284000
1492116178000
1407859159000
1432745358000
1513359249000
1432671199000
1358287412000
1408155041000
1488424120000
1361465510000
1450715345000
1466004934000
1468417316000
1518694389000
1495575608000
1469218031000
1485279204000
1516971922000
1487007191000
1505154030000
1501772679000
1446657631000
1487625452000
1464983813000
1409683750000
1361314163000
1485362275000
1473885070000
1503605960000
1419262485000
1486754676000
1478170500000
1475175939000
1453157465000
1474291669000
1404172856000
1496344597000
1502740794000
1439488142000
1490191248000
1470426033000
1450475791000
1389223875000
1456429602000
1491940360000
1509570816000
1471369316000
1474904766000
1460478730000
1509472854000
1432654061000
1489165710000
1500055007000
1453995218000
1499863737000
1384203281000
1464035934000
1466004043000
1436969738000
1482275579000
1498046988000
1401221056000
1427118436000
1444260066000
1497040061000
1447956434000
1490387034000
1453999278000
1449701137000
1506441872000
1470742851000
1443712358000
1408979915000
1477063792000
1406279747000
1495027906000
1513370553000
1506342826000
1419020866000
1500663839000
1506686665000
1432834884000
1491241154000
1443701536000
1490029301000
1498142565000
1491233647000
1434580274000
1457367342000
1371578622000
1503074049000
1448394963000
1513186867000
1447851381000
1479399134000
1431371452000
1428593408000
1403555547000
1487092349000
1467731346000
1515083241000
1398722437000
1518479125000
1403030710000
1519357769000
1488833893000
1411060695000
1511897400000
1447107598000
1342540247000
1397163962000
1433948188000
1426090867000
1476801764000
1496282130000
1508337177000
1500390890000
1464808740000
1489013602000
1500392966000
1310144707000
1501523695000
1455038627000
1442513871000
1448387420000
1343227538000
1374004110000
1501717311000
1481798128000
1510779182000
1423153381000
1513612084000
1460744238000
1425417556000
1494874386000
1512144265000
1407423924000
1455641015000
1519686342000
1359154769000
1466442648000
1420472205000
1463495477000
1516649936000
1519383738000
1502734867000
1488567125000
1474014123000
1505750846000
1439570868000
1464358958000
1453411780000
1433540399000
1516123927000
1473392020000
1424198651000
1475230485000
1450472749000
1455729605000
1493653260000
1466680660000
1506348441000
1519834759000
1487697884000
1413221897000
1396271580000
1449868456000
1412000094000
1498165845000
1447091686000
1361467629000
1459881561000
1515608392000
1441619853000
1457540983000
1402603849000
1494878520000
1429294363000
1458844578000
1485562190000
1490028925000
1450974695000
1403536857000
1475070344000
1490621982000
1455830924000
1444213506000
1457542355000
1478623404000
1499778012000
1509745398000
1448477539000
1507242323000
1502307317000
1350073292000
1512413425000
1490713731000
1499684718000
1397509426000
1460988205000
1404759553000
1392771044000
1511284925000
1493999462000
1513628585000
1520530136000
1500951832000
1397142427000
1458220218000
1484326632000
1477670837000
1417702506000
1487278009000
1455040471000
1471269918000
1451942533000
1511790926000
1496689144000
1492185705000
1432048329000
1464274633000
1516806730000
1503067387000
1474377885000
1495210257000
1422898309000
1485795067000
1446061151000
1511905491000
1438615790000
1510085315000
1515013428000
1431631660000
1515426961000
1407967387000
1432150871000
1503516088000
1406310804000
1409087060000
1448894714000
1432656815000
1497974250000
1488838688000
1479419198000
1382715984000
1403623987000
1401218107000
1510003093000
1406816110000
1515018829000
1500481667000
1469800596000
1428356843000
1430146357000
1475765959000
1478085711000
1395066114000
1436808390000
1441915553000
1439473349000
1333494341000
1392314738000
1500312933000
1479852525000
1482274326000
1408370832000
1371153886000
1403182183000
1496860548000
1459172973000
1445544709000
1502291662000
1464019453000
1492113375000
1412261703000
1512753800000
1495208007000
1498068969000
1443715334000
1502893067000
1500480203000
1476982804000
1423770666000
1508177622000
1425493311000
1498145248000
1510086077000
1507558655000
1495218756000
1503674415000
1486139029000
1452895195000
1513611288000
1404411288000
1503937456000
1364224283000
1489422571000
1505394608000
1456931616000
1411506700000
1494348272000
1496767783000
1492613610000
1421081632000
1515002282000
1471288708000
1503928597000
1484824640000
1487283689000
1328825876000
1518799853000
1441913574000
1481647885000
1509115878000
1478726072000
1433173753000
1437043911000
1495472458000
1510254940000
1476984306000
1494266213000
1445470173000
1409682353000
1433777363000
1396289654000
1421783978000
1486059124000
1511472307000
1496240529000
1365022781000
1488897918000
1442275311000
1472591891000
1508872749000
1467368847000
1458330143000
1450294739000
1493049150000
1413388607000
1457383407000
1429023535000
1501693575000
1493415362000
1478633677000
1419447132000
1405371000000
1505399125000
1403568447000
1468358523000
1516226026000
1425320704000
1412025981000
1349799455000
1520006662000
1487784006000
1497549758000
1499898252000
1493133929000
1319473112000
1474060120000
1499957870000
1517418516000
1403019884000
1489075208000
1436822324000
1507305956000
1503949948000
1505754606000
1503409589000
1510170942000
1517346352000
1497005197000
1438114827000
1434988730000
1506716308000
1502900847000
1519669607000
1477411217000
1484833208000
1479764330000
1484865839000
1514923381000
1362682608000
1516280346000
1428442612000
1503674645000
1456321495000
1486049891000
1481644468000
1481124872000
1500493687000
1427741379000
1518807499000
1486680218000
1518037958000
1497276994000
1518033683000
1492170680000
1517953091000
1467068024000
1415296278000
1487696125000
1493057729000
1442343086000
1477346945000
1457897858000
1456952707000
1470833296000
1448893295000
1482252759000
1409273365000
1500660786000
1466433555000
1508532632000
1487093851000
1431449811000
1412015407000
1510596912000
1496667880000
1513958179000
1516658751000
1459349699000
1495645087000
1509982726000
1517248743000
1494008421000
1510061059000
1496956099000
1485873204000
1450374542000
1501077584000
1399496475000
1459199932000
1488923372000
1455233794000
1423156462000
1367601628000
1459174588000
1504184279000
1494871890000
1399922552000
1515794762000
1464809741000
1461689856000
1415657383000
1466712632000
1472759885000
1480954839000
1506511584000
1507588982000
1468969107000
1502709077000
1493037631000
1506439621000
1472598159000
1482540047000
1479841028000
1493745601000
1493303311000
1459192108000
1454623197000
1431723776000
1506345013000
1483471949000
1394056614000
1506023978000
1329416500000
1498770177000
1438635372000
1501526117000
1478879303000
1478187722000
1511180056000
1411072735000
1450821420000
1440773227000
1512427339000
1473449853000
1452016454000
1497899517000
1515952910000
1404743144000
1503518829000
1437675208000
1462810532000
1513022831000
1488210001000
1500309080000
1483547650000
1477400441000
1488562056000
1481667881000
1415650290000
1502458187000
1434994759000
1454442923000
1449504070000
1507920244000
1504125362000
1499936805000
1447439488000
1484606394000
1464036983000
1495633879000
1451340653000
1476806743000
1417433575000
1467134897000
1502457230000
1465502689000
1513271133000
1462815766000
1465498156000
1416228410000
1500064296000
1413315437000
1480438137000
1472884227000
1442243993000
1364847930000
1507219482000
1470186626000
1410882688000
1401407225000
1468853844000
1504281898000
1499465924000
1408042442000
1513205785000
1513023110000
1517957596000
1406829347000
1475682621000
1474293330000
1498765559000
1517944554000
1414207448000
1484142276000
1471464298000
1507062498000
1412011786000
1468007509000
1502733387000
1426611475000
1508515946000
1413826790000
1312211808000
1433178418000
1412593875000
1469664057000
1491512376000
1512492430000
1409279525000
1461707317000
1471038999000
1342637808000
1415211391000
1479760177000
1489168948000
1483120446000
1472596108000
1481644429000
1508342225000
1487727655000
1473191671000
1352906168000
1454432666000
1515093176000
1516213374000
1452278270000
1396292795000
1465299672000
1483733556000
1485792449000
1504125447000
1514915196000
1507037986000
1511812095000
1502722170000
1506542245000
1502113828000
1476143729000
1516634812000
1510250233000
1501705108000
1449166725000
1481656790000
1517609212000
1508188366000
1420732082000
1508509311000
1501184663000
1516805955000
1421874811000
1395066075000
1507668898000
1403538599000
1411498681000
1402664545000
1488907192000
1402591023000
1511528609000
1508427889000
1485350039000
1464189730000
1508866572000
1485290304000
1519160178000
1482442366000
1491247250000
1518790282000
1453843069000
1509126314000
1496252081000
1507315670000
1480539576000
1447190342000
1502794734000
1408212315000
1498495716000
1496698743000
1510672975000
1509562183000
1497277311000
1506613416000
1506441889000
1518459197000
1433853740000
1452034892000
1436821437000
1471036080000
1439499712000
1471620670000
1478113858000
1517424479000
1478096726000
1414428529000
1382022863000
1497464246000
1467820159000
1409676766000
1454357282000
1485927961000
1456408902000
1412720642000
1463678295000
1519933874000
1490193519000
1488827318000
1497294236000
1502373100000
1511964223000
1481148569000
1473710422000
1485379172000
1494255706000
1474298685000
1394804279000
1457543637000
1508429858000
1398705700000
1505912794000
1508866181000
1453138906000
1505305986000
1501524041000
1423603602000
1458676319000
1416851391000
1381425504000
1439242067000
1417562252000
1493826115000
1464971445000
1490026285000
1454981187000
1469215193000
1407341668000
1480696537000
1470155796000
1481730343000
1466088437000
1502224664000
1508429226000
1515794581000
1430718109000
1505490066000
1474570873000
1504015085000
1489421405000
1508979319000
1454711679000
1501536468000
1485340456000
1466185826000
1503594062000
1432168790000
1456924537000
1470945886000
1454512621000
1468935916000
1480430626000
1513226261000
1442439883000
1476113895000
1476976935000
1459202157000
1495229086000
1381246942000
1363630417000
1404759510000
1489286821000
1444245924000
1509034517000
1518125398000
1477942761000
1489168782000
1493820968000
1487007918000
1509126247000
1504186340000
1503961355000
1416328343000
1479146172000
1515507242000
1505230442000
1395863432000
1480953644000
1499710153000
1476467739000
1481554783000
1518624689000
1485794917000
1509390378000
1453392360000
1506360295000
1511893312000
1505693867000
1468421859000
1499813080000
1448991866000
1486393048000
1421702046000
1517863146000
1479232448000
1486734940000
1511365682000
1504647610000
1485193546000
1443466554000
1502984225000
1512654546000
1512357832000
1487277601000
1400610758000
1499981772000
1389046423000
1403708534000
1446580231000
1461700177000
1506434850000
1389648344000
1516233922000
1497469562000
1482423492000
1479417034000
1475793303000
1468854025000
1426258009000
1473693944000
1475866886000
1489973628000
1405959399000
1295029161000
1510854622000
1438726783000
1465558799000
1482246423000
1476394659000
1421750404000
1460471866000
1510165981000
1506872039000
1507556585000
1482343337000
1459201247000
1499811757000
1439329842000
1431122383000
1519129983000
1500373212000
1430138249000
1483059203000
1488578211000
1506536169000
1486401239000
1507568686000
1357659681000
1445534735000
1517429472000
1502822155000
1488306525000
1516649413000
1512765151000
1453757072000
1476972114000
1399739303000
1462810121000
1412187595000
1487020043000
1424364427000
1468860535000
1485894314000
1435764093000
1493186094000
1340050037000
1513704125000
1480695315000
1473283261000
1511198616000
1480347278000
1454501794000
1496704585000
1472489821000
1441972502000
1481557550000
1484249342000
1452786472000
1393951528000
1499884275000
1410960711000
1427149090000
1471536612000
1515532979000
1501857367000
1445266806000
1432671272000
1461960150000
1450106897000
1504648951000
1454339657000
1496804860000
1473174064000
1516119145000
1419263358000
1517423685000
1475763839000
1501281505000
1501272989000
1381242242000
1463686854000
1427471146000
1393465375000
1510319423000
1441393891000
1461090297000
1413223181000
1511979182000
1449602957000
1480780747000
1510094866000
1513598071000
1441033766000
1500927904000
1380659423000
1462902488000
1506448758000
1518033731000
1516305302000
1470841092000
1502223401000
1445872374000
1349125174000
1356729446000
1444938733000
1426529555000
1473692712000
1401375634000
1440180552000
1472236132000
1511380518000
1506116793000
1423759393000
1465915635000
1487275999000
1484262021000
1506353624000
1513783810000
1442275148000
1412009133000
1497551846000
1482430011000
1332169135000
1490956884000
1424287970000
1496072163000
1340998132000
1479500382000
1471557820000
1507285661000
1420550404000
1466450448000
1478016303000
1474315245000
1431704649000
1465316723000
1478711274000
1435333998000
1428615307000
1421344085000
1461071275000
1484343545000
1383769282000
1415207385000
1405978215000
1338310942000
1516313432000
1486520134000
1505314004000
1475181221000
1462980960000
1423684839000
1506622854000
1506434103000
1495197830000
1488469777000
1497901316000
1397505050000
1454945631000
1478878122000
1392849318000
1513895283000
1399635104000
1509754107000
1458645738000
1511305594000
1470335022000
1488915115000
1465509518000
1402950468000
1384199242000
1408392108000
1427301423000
1420565922000
1512403701000
1462819718000
1461686767000
1490109523000
1416507814000
1493153131000
1499898343000
1513006794000
1437166661000
1492710384000
1500311610000
1404154216000
1464981843000
1416852251000
1488211782000
1423499078000
1471014054000
1506446909000
1460583911000
1508186973000
1412686784000
1457549229000
1421775253000
1429546013000
1473873067000
1410778428000
1480549861000
1504795350000
1444758392000
1366920098000
