1511193487199
1487859366000
1504799779843
1518614568173
1510613681993
1520608825363
1510763415809
1476465295000
1515598648147
1469708012000
1465242336000
1463411976000
1507062212983
1515451627336
1501867518826
1494443638622
1510585700616
1518185479380
1472589414000
1508258194324
1515613508356
1380914846000
1472496139000
1475787738000
1501520704462
1490279164000
1495548732516
1497932165906
1485962983000
1510157511312
1472847496000
1500388801157
1471875719000
1499258612582
1504970779184
1500388625788
1472822815000
1485893945000
1464315825000
1517416418351
1467309054000
1498734369745
1508786803792
1478727149000
1469481886000
1491419682652
1483556161000
1519422626760
1479838603000
1504802508676
1503941392650
1467816330000
1517265644424
1504703773499
1502113045029
1484843177000
1502909860872
1485186313000
1462381187000
1460658991000
1513631468308
1511990121586
1309271078000
1485211100000
1500313189325
1456853643000
1506375921892
1484948143000
1490232574000
1516112278636
1458163580000
1483543438000
1465915154000
1497900292629
1483480074000
1496853134636
1501506455724
1497022933912
1513790896509
1472585108000
1500405708932
1516914828284
1505767620894
1498137530463
1475785664000
1510763053824
1459755563000
1475956930000
1505308491219
1519069216482
1510758395245
1355328078000
1517252227999
1506007351380
1468950844000
1478541779000
1513623990026
1459191741000
1500482685432
1490902542318
1473187879000
1458669253000
1515531629197
1464896574000
1515170266849
1511903147482
1513092822537
1494520530858
1484751829000
1497981309473
1488395970000
1464122039000
1510585996933
1504809165230
1506430489308
1470250575000
1485203445000
1487168136000
1485359890000
1476216537000
1458580813000
1517520760454
1484074883000
1496752784510
1510138866055
1495816514001
1470871541000
1500403974692
1476453090000
1510341412076
1499714405628
1508338793693
1505918837928
1513876212795
1489072688000
1495554873968
1479941008000
1501840801464
1516811608648
1512480172045
1499348538696
1492101695019
1520030715820
1472755333000
1477578095000
1501790476091
1483539280000
1480439063000
1461781932000
1469747834000
1467048553000
1504122050876
1475591482000
1516382100489
1475507485000
1479255905000
1478887430000
1510763254589
1516979735845
1511539552102
1462210238000
1513628988301
1469744032000
1383061334000
1502735905607
1507232974140
1483561907000
1464725002000
1502820771264
1506959054333
1518550769564
1474593441000
1504189015868
1498055069315
1495481474499
1506376852867
1516724939899
1460414461000
1508140908690
1490021949000
1461073648000
1486052081000
1395687601000
1495651536349
1489677722000
1491230527594
1475250423000
1475168078000
1507926738641
1508792291583
1492614932259
1459778273000
1519237555553
1490723885014
1506520129703
1472578976000
1507831396074
1519231552411
1477686303000
1491398815121
1469491526000
1513632844934
1518043691243
1465234276000
1482248599000
1520351157127
1469213987000
1520362234240
1520449948767
1506970178319
1509037397909
1478619689000
1475494933000
1475156865000
1489790388000
1504626833991
1502309156756
1496868042650
1501513131818
1513698595788
1480533067000
1492094141142
1515433080713
1504199061406
1518462107318
1504106960736
1475587882000
1500458400632
1510248762968
1482342924000
1486417656000
1496951108875
1456334581000
1510568888537
1520530231394
1465479941000
1351022808000
1493044509611
1495480535328
1511806404884
1505754370888
1498504301070
1505331456400
1490892258091
1505416083843
1499792189789
1510071626850
1502983455566
1504638857818
1354561394000
1465321821000
1518692461869
1508526710248
1490696755105
1471540245000
1518624992871
1461597233000
1462391969000
1513618801096
1488827327000
1476464106000
1474307444000
1513635237677
1497986275979
1460378561000
1508352081124
1467034995000
1466779433000
1476372445000
1479484635000
1367947654000
1472563324000
1477599377000
1501860942068
1495203227906
1394571055000
1504643825792
1501876099223
1513076907096
1495476709993
1472496226000
1457276327000
1459432486000
1498052407150
1483786804000
1505157502572
1507921894890
1517253928198
1516199451041
1471271311000
1512402881279
1473931924000
1505334569687
1481041922000
1505727235265
1460581683000
1508271671657
1509377517904
1516733432619
1499127883598
1496928274539
1498146453993
1495727391486
1343935055000
1491395710231
1492007551500
1504011150401
1473972240000
1498576631438
1465309820000
1458751359000
1468272934000
1509447520720
1518014646310
1472723509000
1519321117635
1513681237353
1513270892212
1488311961000
1516393982328
1496410530456
1487793409000
1463691321000
1491411334043
1509537797590
1495724057694
1507731053636
1507211752109
1515443050484
1486788691000
1487144828000
1510163567529
1489609880000
1469455536000
1503672955095
1505226808063
1491919719280
1511790277335
1461958320000
1483979469000
1490809535844
1483454829000
1499718297808
1499787689249
1493748731522
1516835942851
1479928502000
1498677263097
1492768800209
1501665128852
1494342302251
1479927384000
1504179398263
1475730321000
1484823600000
1513196391868
1490017285000
1471362142000
1499272421427
1470236494000
1481742765000
1508773781504
1494946737278
1505122075003
1510346459533
1476718178000
1513286126299
1500406495831
1508854843788
1467295579000
1478032928000
1507664729339
1459956659000
1512419684181
1519317161804
1495062459228
1505223179684
1495467708067
1465246090000
1485464425000
1518463508121
1516723433996
1474298889000
1512081288269
1478267246000
1515181508521
1492025521680
1485797414000
1516643888148
1515000304245
1518799871316
1519677369773
1474301901000
1363637543000
1520512137323
1391719527000
1495030560082
1513190680105
1500555904547
1506719149967
1488366007000
1517587224141
1495659655802
1487242800000
1510067594754
1456760262000
1464128266000
1510834510507
1495045215176
1508513276220
1485797396000
1465409259000
1496769720406
1517438748132
1510925834576
1507890691904
1508357788360
1501877547924
1469716382000
1494352335205
1474993913000
1471367556000
1517582615477
1471901969000
1467810390000
1501171640706
1512400926156
1516182603300
1469468924000
1506540355123
1476981550000
1492645678400
1481626816000
1464701950000
1492460283517
1476471308000
1516386217678
1498140682875
1505404726346
1458246941000
1487689706000
1462980244000
1495490409231
1519671263810
1504214440618
1505754638004
1468499688000
1478884551000
1507212505355
1504618845294
1479495598000
1494242295149
1456421813000
1492182585405
1519662866722
1492095015366
1507053393379
1518622634504
1508796872828
1484064445000
1511277769983
1458835227000
1456419379000
1481239242000
1465899438000
1515006091863
1496261405074
1483629678000
1491860974696
1520033251014
1516634013446
1484218800000
1513699679139
1500298353936
1518028751658
1465483855000
1492460775784
1475769056000
1505244042720
1463693058000
1459512907000
1473161644000
1506104580858
1478963890000
1507629621134
1472573810000
1498481433590
1518469718938
1495554858226
1503532826546
1474928676000
1502217277104
1490808251660
1518628800167
1382116629000
1366836830000
1495818917342
1515445555533
1390242151000
1503599715827
1504643267323
1466530275000
1503668027251
1476130033000
1510159002968
1485765729000
1481823042000
1468957567000
1508822697567
1510857866142
1518028511066
1519714935405
1467324272000
1461691853000
1517512692414
1462547418000
1489538602000
1465394517000
1487802796000
1513700018073
1507213977035
1494869364791
1501522735007
1475252900000
1507918219466
1478107207000
1483103023000
1493655202437
1509384738843
1478624401000
1519398349222
1501267271807
1457455435000
1461602861000
1490629216967
1479926807000
1486045825000
1501570896532
1459427683000
1479316789000
1468438515000
1469025123000
1509381740887
1502986240386
1508959497203
1470322574000
1488380554000
1486073870000
1504773700362
1513712616772
1500489028276
1456938971000
1516894148362
1518567535286
1504531480487
1502130591779
1471262250000
1483615240000
1514988573576
1488212039000
1389810570000
1512393369330
1517411748591
1389078201000
1494358225130
1480977383000
1506519988312
1491859811724
1517588794865
1481062855000
1484164720000
1517671342787
1502995180113
1512140614967
1503419419502
1503321964855
1469565041000
1486344860000
1488970807000
1484683828000
1472829181000
1507140212263
1484681015000
1497463616351
1475516490000
1517314597419
1490033651000
1494425876088
1493221700752
1463072585000
1508769441255
1518536243512
1513621608851
1502823963920
1494869005180
1475186273000
1491840052099
1515176314895
1497965056756
1505340006231
1460352126000
1457591948000
1488204976000
1520627168653
1507667527911
1487109388000
1502823549865
1516286232100
1466607158000
1500316730101
1487086540000
1498159551911
1459973306000
1472153771000
1494669601359
1492627500708
1513705279457
1472742915000
1508415800854
1501010407625
1487018620000
1518024567779
1481920814000
1519312632742
1517332355260
1485986653000
1477660378000
1502118685650
1456940932000
1480952354000
1507654989099
1505308480150
1516374120056
1478286288000
1483628370000
1488899221000
1465220838000
1476711434000
1511201453245
1511289358045
1484343013000
1496929317299
1513698598815
1457103352000
1512730844890
1481194802000
1508943758650
1473705588000
1475007742000
1504109137144
1483987572000
1486751066000
1469196396000
1508442932693
1485934310000
1483714664000
1479162208000
1460408943000
1502397129652
1499985110742
1510593087347
1478101284000
1492435933519
1516221883104
1468360744000
1519147372180
1507150895295
1493216248217
1504276342155
1483742467000
1515188548351
1508962105698
1507646230563
1458136018000
1470158782000
1487820807000
1456846698000
1488903420000
1469030591000
1493733728990
1510326620409
1486056991000
1368482242000
1507231686669
1510265015559
1512142753459
1462313704000
1506607749115
1470945446000
1513694135497
1499352113927
1502889967713
1499864533533
1505772179361
1517260765728
1474911965000
1497991845497
1481225635000
1488988666000
1509401854002
1515602628261
1470694070000
1480536110000
1507736525190
1485961580000
1474656951000
1395053679000
1507912332390
1463086210000
1497903763686
1494342935164
1469549290000
1492164000329
1498832120292
1469109191000
1500395302224
1389117079000
1503074436981
1470161757000
1515606090229
1358522619000
1495635387631
1457034387000
1512659519966
1520370654136
1504789897591
1490995925326
1519922749129
1511369230356
1505249898628
1510238737329
1478015919000
1505495034600
1508349797645
1487017535000
1458755047000
1465427658000
1504889543851
1509459106504
1475084104000
1518692499651
1464968000000
1496182405170
1513693706363
1510605039586
1478005636000
1479516146000
1497464720514
1487084712000
1497903897803
1501601572767
1489435735000
1496432068716
1473878289000
1459521291000
1497587415889
1512079329414
1492013412197
1503669898912
1505836236815
1487359834000
1456786876000
1513184178127
1499835750773
1516397214749
1381513643000
1518209554693
1496331293847
1489520317000
1496860016558
1505148521829
1381933542000
1497965883008
1499435070499
1511246216496
1517256769456
1472127053000
1462204062000
1492404050796
1462202171000
1477339813000
1489598919000
1510005187222
1516632882721
1498595123547
1506016340321
1464266419000
1457454801000
1499965929327
1490040007000
1505744879794
1483131365000
1492717277826
1496944808041
1493748284515
1465485579000
1516904689818
1475160461000
1487022500000
1490626581214
1463495940000
1510953873868
1493227575545
1509382645667
1498655863244
1513694395870
1478787544000
1520426957940
1471470971000
1505222885672
1481581827000
1505389291609
1497405066256
1358970637000
1398361282000
1518790299261
1484930391000
1467829794000
1507234674745
1472743606000
1495096241860
1517603966408
1513629614035
1495475592888
1519316405976
1519378065038
1500576684402
1386345956000
1510264900852
1503603142811
1504000811338
1512154163569
1515103502780
1510856055318
1518022927164
1484772675000
1472484959000
1464116852000
1473355970000
1515007806445
1477575547000
1511184240749
1482425221000
1465850839000
1508427264061
1477575550000
1517611695540
1498601267832
1515491877935
1506446470240
1456916845000
1471549530000
1505751781800
1482509264000
1496070001649
1470260097000
1506605125732
1487863419000
1476920474000
1492110236965
1519675214427
1479330663000
1511376009014
1489162060000
1503433075598
1502219274849
1500478322808
1507579936159
1467725066000
1489441908000
1500318712342
1489658404000
1504618223993
1502733942036
1480353590000
1511897455532
1508337511523
1489417904000
1520431935390
1502736436716
1495492198052
1478698988000
1458594698000
1477575540000
1486316551000
1518712823148
1486409636000
1484939314000
1514908897182
1518643086793
1513694258781
1470420390000
1508927506071
1506957896183
1483645694000
1484947686000
1477939210000
1508580054983
1496254652143
1516907317895
1491332839919
1488313791000
1489592032000
1507995295085
1505493084820
1502293336542
1499289116860
1487691343000
1512590967684
1475791245000
1487966372000
1468419167000
1509376732999
1498072545379
1466702161000
1497621308671
1492006070136
1501183596285
1505761127074
1512579068092
1508770890736
1507057920488
1354041316000
1504640471409
1497028954154
1519673795589
1501603953193
1493063330256
1500502048804
1515002317377
1458853729000
1507745956523
1503932598261
1497891336988
1503432674217
1509126667318
1520000296602
1519750542541
1477415335000
1502746027649
1511972657107
1486555827000
1499873818747
1505969602438
1486047432000
1497903685704
1504795763783
1508955582259
1462368647000
1477663465000
1484250408000
1507083121025
1504200280786
1371069481000
1457452020000
1459193207000
1467913840000
1486001913000
1513876125658
1512169901395
1487020255000
1489590231000
1509674644357
1470151031000
1502293691689
1473865003000
1518558434247
1494881314772
1458148824000
1472073675000
1506443447108
1473878611000
1487625472000
1473720725000
1464019679000
1485804649000
1508252205609
1512140326352
1480957539000
1499181931209
1470932328000
1510256968502
1457460535000
1496843575302
1473880241000
1512058601657
1491319541711
1509721729423
1349715864000
1465251770000
1505157316882
1512137509097
1382642021000
1497465047660
1486596824000
1509984646331
1510843879915
1509389247988
1476199935000
1391617115000
