1515594899000
1317830499000
1336397299000
1341841199000
1345823099000
1347385499000
1357750599000
1359399199000
1362057499000
1364226099000
1366748499000
1367503099000
1367859399000
1368716899000
1369245699000
1371050199000
1373380899000
1376334299000
1381341199000
1382966899000
1386199599000
1387293399000
1388690699000
1390247999000
1391716099000
1391789299000
1392077099000
1392845399000
1392907699000
1393453899000
1393872899000
1395087199000
1395156399000
1396291799000
1396451399000
1396541299000
1397846199000
1398204399000
1398265699000
1400616999000
1401205799000
1401982199000
1402497199000
1402926799000
1402955999000
1403622399000
1403808899000
1403896199000
1404250699000
1404392499000
1405030799000
1405095099000
1406212099000
1406582199000
1406843399000
1407342899000
1407876299000
1408033999000
1408054299000
1408564499000
1408567999000
1409249299000
1409400399000
1409677099000
1409755699000
1410441599000
1410535499000
1412038699000
1412160299000
1412261399000
1412282899000
1412620399000
1412637599000
1412787499000
1412788299000
1413825499000
1414017399000
1414625099000
1414692199000
1415383099000
1415831599000
1415981499000
1420568499000
1420732099000
1420841799000
1421188299000
1421722599000
1421722599000
1422609599000
1422723899000
1423688099000
1423688399000
1424213799000
1425414099000
1425423999000
1426863299000
1426878099000
1427379799000
1427815599000
1428073699000
1428595799000
1429019199000
1429642099000
1429803399000
1430348899000
1430513699000
1430767499000
1433190299000
1433190299000
1433349399000
1433499699000
1434401499000
1434490899000
1435329199000
1435601599000
1436193799000
1436825299000
1436825299000
1436825299000
1436825299000
1437497099000
1437599599000
1438127199000
1438782999000
1439240899000
1439419299000
1440277399000
1440372999000
1441013899000
1441141099000
1441141099000
1441297199000
1441379499000
1441902099000
1442961399000
1443133799000
1443550199000
1443550199000
1443550199000
1443550199000
1443550199000
1443550199000
1443550199000
1443632599000
1443711399000
1444239699000
1444248599000
1444315599000
1444316299000
1445036099000
1445282999000
1445282999000
1445282999000
1445282999000
1445284399000
1445284399000
1445284399000
1445284399000
1445284399000
1445284399000
1445284499000
1445284499000
1445284499000
1445284499000
1445284599000
1445284599000
1445284599000
1445284599000
1445284599000
1445284599000
1445284599000
1445542599000
1445542599000
1445542599000
1445542599000
1445542599000
1445542599000
1445542599000
1445542599000
1445605699000
1445605699000
1445605799000
1445605799000
1445605799000
1445605799000
1445605799000
1445605799000
1445605799000
1445605799000
1445609599000
1445609599000
1445609599000
1445609599000
1445609599000
1445609599000
1445609599000
1445629199000
1445629199000
1445629199000
1445629199000
1445629199000
1445629199000
1445629199000
1445629199000
1445631399000
1445631399000
1445631399000
1445631399000
1445631399000
1445631399000
1445631399000
1445635499000
1445881399000
1445881899000
1445882799000
1445891999000
1445891999000
1445891999000
1445891999000
1445891999000
1445892099000
1445892099000
1445892099000
1445892099000
1445892099000
1445892099000
1445892199000
1445892199000
1445892199000
1445892199000
1445892299000
1445892299000
1445892299000
1445892299000
1445892299000
1445892299000
1445892399000
1445892399000
1445892399000
1445892399000
1445892399000
1446500399000
1446742199000
1446750699000
1446790199000
1447089599000
1447268599000
1448050199000
1448296699000
1449014299000
1449083599000
1449182299000
1449503999000
1449722899000
1449773599000
1449790799000
1450365299000
1450471199000
1450714799000
1450905299000
1451404799000
1452123899000
1452182699000
1452535499000
1452535599000
1452555599000
1452708999000
1452797399000
1452875199000
1452894799000
1453144599000
1453325399000
1453759399000
1453844099000
1453923799000
1453925399000
1454345699000
1454454399000
1455224799000
1455287899000
1455648799000
1455662099000
1455726199000
1455813999000
1455832999000
1456278899000
1456850499000
1456943399000
1456951999000
1457030999000
1457044099000
1457061299000
1457061299000
1457127299000
1457372899000
1457620299000
1457711499000
1457802499000
1457992399000
1458021499000
1458072099000
1458152399000
1458595399000
1459404999000
1459881099000
1459901999000
1459953199000
1460040199000
1460041599000
1460075199000
1460418299000
1460469199000
1460667799000
1460740599000
1460986299000
1460993999000
1461166499000
1461247099000
1461256299000
1461600499000
1461612199000
1462123299000
1462219199000
1462286099000
1462458699000
1462541399000
1462807599000
1462917299000
1463415699000
1464016599000
1464108599000
1464191599000
1464196999000
1464355499000
1464804199000
1464811199000
1464888599000
1464891699000
1464990899000
1465001999000
1465237999000
1465279999000
1465578499000
1465839899000
1465937299000
1466021399000
1466085799000
1466095699000
1466177199000
1466430799000
1466436199000
1466509999000
1466538999000
1466545599000
1466611499000
1466647999000
1466704899000
1466794699000
1467375799000
1467626699000
1467838899000
1467867999000
1467920799000
1467983099000
1467983099000
1467983099000
1467983199000
1467983199000
1467983199000
1467983199000
1468025399000
1468267899000
1468360699000
1468430499000
1468591199000
1468593699000
1468627699000
1468876499000
1469106099000
1469114999000
1469130399000
1469226099000
1469455099000
1469458799000
1469458999000
1469639799000
1469736599000
1469814199000
1469821499000
1470065499000
1470153299000
1470171399000
1470184599000
1470241899000
1470249099000
1470255499000
1470347999000
1470419499000
1470684899000
1470694699000
1470749999000
1470940399000
1470946499000
1471032999000
1471041399000
1471265699000
1471363899000
1471363899000
1471461599000
1471539999000
1471545899000
1471615899000
1471617999000
1471876299000
1471961699000
1471985599000
1471985599000
1472158499000
1472248399000
1472251399000
1472548699000
1473178799000
1473190999000
1473197499000
1473374499000
1473437399000
1473451199000
1473646199000
1473691499000
1473795199000
1473803199000
1473842899000
1473963899000
1473971999000
1474054299000
1474277799000
1474388999000
1474464199000
1474480599000
1474489099000
1474489899000
1474550099000
1474550099000
1474550099000
1474573599000
1474578899000
1474648999000
1474900699000
1474913099000
1475065299000
1475065299000
1475065299000
1475065299000
1475065399000
1475065399000
1475065399000
1475065399000
1475067499000
1475067499000
1475067499000
1475067499000
1475067499000
1475067499000
1475191499000
1475253199000
1475526299000
1475622099000
1475633599000
1475845999000
1475847599000
1475847599000
1475848799000
1475877399000
1476296299000
1476352099000
1476377399000
1476382399000
1476453499000
1476453499000
1476714799000
1476731299000
1476789899000
1476885899000
1476901099000
1476953899000
1476972199000
1476995599000
1477178599000
1477301499000
1477410099000
1477428299000
1477516399000
1477586699000
1477933499000
1477950499000
1477963299000
1478028999000
1478036199000
1478097499000
1478151299000
1478269399000
1478531399000
1478543599000
1478635799000
1478635799000
1478808599000
1478876199000
1479232199000
1479246799000
1479336099000
1479479299000
1479840399000
1479932399000
1480329899000
1480345899000
1480362199000
1480508399000
1480611399000
1480692799000
1480713399000
1481037199000
1481130299000
1481215399000
1481230699000
1481294999000
1481558599000
1481561099000
1481641399000
1481747699000
1482178199000
1482183499000
1482341399000
1482351899000
1482356599000
1482416599000
1482522199000
1483053399000
1483458099000
1483556599000
1483619699000
1483622599000
1483644099000
1483655099000
1483694099000
1483714999000
1483715099000
1483715199000
1483735999000
1483982899000
1483992599000
1484078699000
1484170299000
1484329799000
1484329799000
1484329799000
1484329799000
1484329799000
1484342899000
1484580999000
1484665299000
1484695399000
1484868099000
1485183699000
1485184399000
1485208399000
1485281599000
1485540899000
1485547999000
1485743099000
1485788999000
1485788999000
1485788999000
1485788999000
1485806299000
1485822499000
1486048099000
1486049999000
1486053899000
1486074999000
1486130699000
1486155699000
1486393299000
1486415399000
1486570699000
1486730299000
1486742999000
1486747399000
1486754399000
1486759199000
1486995699000
1487169599000
1487175799000
1487260699000
1487371699000
1487949399000
1488236299000
1488236399000
1488238799000
1488253499000
1488390099000
1488807899000
1488822299000
1488823499000
1488850099000
1488984199000
1488986099000
1489010399000
1489076799000
1489169299000
1489426599000
1489435499000
1489486099000
1489593499000
1489606299000
1489676299000
1489692099000
1489765599000
1490019999000
1490028799000
1490282099000
1490284399000
1490361599000
1490587999219
1490626399804
1490635799237
1490647399400
1490652999949
1490725199123
1490729799416
1490976899303
1491517799751
1491571499265
1491573299285
1491838899823
1491839299470
1492004899670
1492091999745
1492175999132
1492205899264
1492461999767
1492530599438
1492554299617
1492610299377
1492614099882
1492621299368
1492638199816
1492701399659
1492710399703
1493041299687
1493048199938
1493049199435
1493235199668
1493282999820
1493299999371
1493652199980
1493930199100
1493996999814
1494251099114
1494253799652
1494253899057
1494253999323
1494270299419
1494371099577
1494426899030
1494532699816
1494868099844
1494875999543
1495203399450
1495484699315
1495569099727
1495659599640
1496065599673
1496159799637
1496345999721
1496400299744
1496411199396
1496412599586
1496416499859
1496429199710
1497282199752
1497313299772
1497465699525
1497553299800
1497558699851
1497609999336
1497881399272
1497882099638
1497884699009
1497893799732
1497899099395
1497925499767
1498064899115
1498070299062
1498070299781
1498152799355
1498241399636
1498486499115
1498511599799
1498657999222
1498661999860
1498665899373
1498670399666
1498765799777
1499101499863
1499261399354
1499264599396
1499290199728
1499291599634
1499292299790
1499326099496
1499355399877
1499363799532
1499450999032
1499694099453
1499699999669
1499701099392
1499702199194
1499715199004
1499765599236
1499792899614
1499796199334
1499805499000
1499806199829
1499808699555
1499812099755
1499874399493
1499878299492
1499886599281
1499960899476
1500066499298
1500300799699
1500392999169
1500396699994
1500414499909
1500460199445
1500486699771
1500502599038
1500581699408
1500581799753
1500642699854
1500683299052
1500906199118
1500906699542
1500914599582
1500929599280
1500991199653
1501003399300
1501083599063
1501101799580
1501267899216
1501502599259
1501508799395
1501523899445
1501650799050
1501682199340
1501701899194
1501726999261
1501767799399
1501767999351
1501772499735
1501806999334
1501858199793
1501904299543
1502129499934
1502133099956
1502310999518
1502370299248
1502379499172
1502448699434
1502456299875
1502456499422
1502457699944
1502725599443
1502727899603
1502807399972
1502907999666
1502985199189
1503059799555
1503408299199
1503416499798
1503423599854
1503500299587
1503586499401
1503607499390
1503676699485
1503952399872
1504038999792
1504108399140
1504112599435
1504115099203
1504115399359
1504115399932
1504124799201
1504126299185
1504323399977
1504908899844
1504924799903
1505138799124
1505141099691
1505254599912
1505398599521
1505410799640
1505418999446
1505420499780
1505470699483
1505737099819
1505744699868
1505756599778
1505827899115
1505934999160
1505962099567
1506000599957
1506094299053
1506342699887
1506346699759
1506373799067
1506437899067
1506520399791
1506535899892
1506545999806
1506553599905
1506680499305
1506724699153
1506970099327
1507126499086
1507143399130
1507143899565
1507162499266
1507209799562
1507233999735
1507234899319
1507318199303
1507318899334
1507325999075
1507334299359
1507650899039
1507658399231
1507664699878
1507733899500
1507820399062
1507829999886
1507913899329
1508166699761
1508252899000
1508267699257
1508357499424
1508362399937
1508510999746
1508522699046
1508768299961
1508773399945
1508783399724
1508784199898
1508861499507
1508872799449
1508942899762
1508947499507
1509127199276
1509388199519
1509558999619
1509571299763
1509646199540
1509646799531
1509975899032
1510064299003
1510064299485
1510064299941
1510070999555
1510072699722
1510169399736
1510254799518
1510315199863
1510315399409
1510329799668
1510618599500
1510676499053
1510702099513
1510783199260
1510856899114
1510856899586
1510952299041
1511153399241
1511192799163
1511274499838
1511274999376
1511799299566
1511818599585
1511887499351
1511895899115
1511904699028
1511904699851
1511906799795
1511958099354
1511967899198
1511971299669
1511980099894
1511988799471
1512009699571
1512053899495
1512150799082
1512157799473
1512382399149
1512398399976
1512406499065
1512406499661
1512412499172
1512464199484
1512500799895
1512507799152
1512576999243
1512578799347
1512651899944
1512773499622
1513003099183
1513003299009
1513004499829
1513005799248
1513006799972
1513008199871
1513011999627
1513035299188
1513083499991
1513113399820
1513178099155
1513190399742
1513202099249
1513277899277
1513281999884
1513286299635
1513349799193
1513353799787
1513364899440
1513694399340
1513721399436
1513778899218
1513869099805
1513913399157
1514082999777
1514291499717
1514418399633
1514833499327
1515021699342
1515168399114
1515175099465
1515180099501
1515431299997
1515441999190
1515466899912
1515507299970
1515527799050
1515527799284
1515527799505
1515527799742
1515527799962
1515530299538
1515591499921
1515683799318
1515693699279
1515772899229
1515781699548
1515788499444
1515789699923
1515804799046
1516020199791
1516125999969
1516126899157
1516139299489
1516294299340
1516295899342
1516333599178
1516382899837
1516634099879
1516634099930
1516643199195
1516723599739
1516739499611
1516745099458
1516810199015
1516811299121
1516826799146
1516828199533
1516927599943
1516981899705
1517238399993
1517319899213
1517325699174
1517411699893
1517413899410
1517422099037
1517433799835
1517496099798
1517528499001
1517596099953
1517604899950
1517868199434
1517928199056
1517944799227
1517946799856
1517947099693
1517949499158
1517954299460
1517956599455
1518017099249
1518110599638
1518114099237
1518133799413
1518184599735
1518202499292
1518451199762
1518542799808
1518625099461
1518637599373
1518695799168
1518713499904
1518718799387
1518810199003
1518887599077
1519222199780
1519225999985
1519230099197
1519230099480
1519230099765
1519312199313
1519315399823
1519323999152
1519331599364
1519410999056
1519412099674
1519413699103
1519672999135
1519683999513
1519703999773
1519752099577
1519754199040
1519852899497
1519922099505
1519942099638
1519943999355
1520021799352
1520025899192
1520027999277
1520261699367
1520262599991
1520356699740
1520436999186
1520447499352
1520507999901
1520522799193
1520532599598
1520611999590
